0 0,00
1 2,44
2 4,77
3 7,00
4 9,12
5 8,91
6 8,71
7 8,51
8 8,31
9 8,12
10 7,94
11 7,76
12 7,58
13 7,41
14 7,24
15 7,07
16 6,91
17 6,75
18 6,60
19 6,45
20 6,30
21 6,16
22 6,02
23 5,88
24 5,74
24 5,74
25 8,06
26 10,26
27 12,36
28 14,35
29 14,03
30 13,71
31 13,39
32 13,09
33 12,79
34 12,50
35 12,21
36 11,93
37 11,66
38 11,39
39 11,13
40 10,88
41 10,63
42 10,39
43 10,15
44 9,92
45 9,69
46 9,47
47 9,25
48 9,04
48 9,04
49 11,28
50 13,41
51 15,43
52 17,36
53 16,96
54 16,58
55 16,20
56 15,83
57 15,47
58 15,11
59 14,77
60 14,43
61 14,10
62 13,78
63 13,46
64 13,16
65 12,86
66 12,56
67 12,28
68 12,00
69 11,72
70 11,45
71 11,19
72 10,94
72 10,94
73 13,13
74 15,22
75 17,20
76 19,09
77 18,65
78 18,23
79 17,81
80 17,40
81 17,01
82 16,62
83 16,24
84 15,87
85 15,50
86 15,15
87 14,80
88 14,47
89 14,14
90 13,81
91 13,50
92 13,19
93 12,89
94 12,59
95 12,31
96 12,03
96 12,03
97 14,19
98 16,26
99 18,22
100 20,08
101 19,62
102 19,17
103 18,74
104 18,31
105 17,89
106 17,48
107 17,08
108 16,69
109 16,31
110 15,94
111 15,57
112 15,22
113 14,87
114 14,53
115 14,20
116 13,87
117 13,56
118 13,25
119 12,95
120 12,65
120 12,65
121 14,80
122 16,85
123 18,80
124 20,65
125 20,18
126 19,72
127 19,27
128 18,83
129 18,40
130 17,98
131 17,57
132 17,17
133 16,77
134 16,39
135 16,02
136 15,65
137 15,29
138 14,94
139 14,60
140 14,27
141 13,94
142 13,62
143 13,31
144 13,01
144 13,01
145 15,15
146 17,20
147 19,14
148 20,98
149 20,50
150 20,03
151 19,57
152 19,13
153 18,69
154 18,26
155 17,85
156 17,44
157 17,04
158 16,65
159 16,27
160 15,90
161 15,54
162 15,18
163 14,83
164 14,49
165 14,16
166 13,84
167 13,52
168 13,22
168 13,22
169 15,36
170 17,39
171 19,33
172 21,17
173 20,68
174 20,21
175 19,75
176 19,30
177 18,86
178 18,43
179 18,01
180 17,59
181 17,19
182 16,80
183 16,42
184 16,04
185 15,67
186 15,32
187 14,97
188 14,62
189 14,29
190 13,96
191 13,65
192 13,33
192 13,33
193 15,72
194 17,98
195 20,14
196 22,19
197 21,68
198 21,18
199 20,70
200 20,23
201 19,77
202 19,31
203 18,87
204 18,44
205 18,02
206 17,61
207 17,21
208 16,81
209 16,43
210 16,05
211 15,69
212 15,33
213 14,98
214 14,64
215 14,30
216 13,98
216 13,98
217 16,34
218 18,60
219 20,74
220 22,77
221 22,25
222 21,74
223 21,25
224 20,76
225 20,29
226 19,82
227 19,37
228 18,93
229 18,50
230 18,07
231 17,66
232 17,26
233 16,86
234 16,48
235 16,10
236 15,73
237 15,37
238 15,02
239 14,68
240 14,34
240 14,34
241 16,70
242 18,95
243 21,08
244 23,11
245 22,58
246 22,06
247 21,56
248 21,07
249 20,59
250 20,12
251 19,66
252 19,21
253 18,77
254 18,34
255 17,92
256 17,51
257 17,11
258 16,72
259 16,34
260 15,97
261 15,60
262 15,25
263 14,90
264 14,56
264 14,56
265 16,91
266 19,15
267 21,28
268 23,30
269 22,77
270 22,25
271 21,74
272 21,24
273 20,76
274 20,28
275 19,82
276 19,37
277 18,93
278 18,49
279 18,07
280 17,66
281 17,26
282 16,86
283 16,48
284 16,10
285 15,73
286 15,37
287 15,02
288 14,68
288 14,68
289 17,03
290 19,27
291 21,39
292 23,41
293 22,88
294 22,35
295 21,84
296 21,34
297 20,86
298 20,38
299 19,92
300 19,46
301 19,02
302 18,58
303 18,16
304 17,74
305 17,34
306 16,94
307 16,55
308 16,18
309 15,81
310 15,45
311 15,09
312 14,75
312 14,75
313 17,10
314 19,33
315 21,46
316 23,48
317 22,94
318 22,42
319 21,90
320 21,40
321 20,91
322 20,44
323 19,97
324 19,51
325 19,07
326 18,63
327 18,21
328 17,79
329 17,38
330 16,99
331 16,60
332 16,22
333 15,85
334 15,49
335 15,13
336 14,79
336 14,79
337 17,14
338 19,37
339 21,50
340 23,51
341 22,98
342 22,45
343 21,94
344 21,44
345 20,95
346 20,47
347 20,00
348 19,54
349 19,10
350 18,66
351 18,24
352 17,82
353 17,41
354 17,01
355 16,63
356 16,25
357 15,87
358 15,51
359 15,16
360 14,81
360 14,81
361 17,40
362 19,87
363 22,22
364 24,44
365 23,89
366 23,34
367 22,81
368 22,29
369 21,78
370 21,28
371 20,79
372 20,32
373 19,86
374 19,40
375 18,96
376 18,53
377 18,10
378 17,69
379 17,29
380 16,89
381 16,50
382 16,13
383 15,76
384 15,40
384 15,40
385 17,98
386 20,43
387 22,77
388 24,98
389 24,41
390 23,85
391 23,31
392 22,78
393 22,26
394 21,75
395 21,25
396 20,76
397 20,29
398 19,83
399 19,37
400 18,93
401 18,50
402 18,08
403 17,66
404 17,26
405 16,87
406 16,48
407 16,10
408 15,74
408 15,74
409 18,31
410 20,76
411 23,08
412 25,29
413 24,71
414 24,15
415 23,59
416 23,06
417 22,53
418 22,01
419 21,51
420 21,02
421 20,54
422 20,07
423 19,61
424 19,16
425 18,73
426 18,30
427 17,88
428 17,47
429 17,07
430 16,68
431 16,30
432 15,93
432 15,93
433 18,50
434 20,94
435 23,26
436 25,46
437 24,88
438 24,31
439 23,76
440 23,22
441 22,69
442 22,17
443 21,66
444 21,17
445 20,68
446 20,21
447 19,75
448 19,30
449 18,86
450 18,43
451 18,01
452 17,60
453 17,19
454 16,80
455 16,42
456 16,04
456 16,04
457 18,61
458 21,05
459 23,36
460 25,57
461 24,98
462 24,41
463 23,85
464 23,31
465 22,78
466 22,26
467 21,75
468 21,25
469 20,77
470 20,29
471 19,83
472 19,38
473 18,93
474 18,50
475 18,08
476 17,67
477 17,26
478 16,87
479 16,48
480 16,11
480 16,11
481 18,67
482 21,11
483 23,42
484 25,62
485 25,04
486 24,47
487 23,91
488 23,36
489 22,83
490 22,31
491 21,80
492 21,30
493 20,81
494 20,34
495 19,87
496 19,42
497 18,98
498 18,54
499 18,12
500 17,71
501 17,30
502 16,91
503 16,52
504 16,14
504 16,14
505 18,71
506 21,14
507 23,46
508 25,66
509 25,07
510 24,50
511 23,94
512 23,39
513 22,86
514 22,34
515 21,83
516 21,33
517 20,84
518 20,36
519 19,90
520 19,45
521 19,00
522 18,57
523 18,14
524 17,73
525 17,32
526 16,93
527 16,54
528 16,16
